1730
1257
1595
788
2208
2815
1990
304
1723
2219
2217
2625
2973
86
2120
1857
1847
2467
1176
1536
1128
1550
879
2326
2499
1246
2894
2586
219
390
2249
890
1647
843
1678
854
657
668
1159
1322
1828
2317
2888
1800
1345
2008
2599
191
1474
774
668
1543
1265
1548
868
763
1735
2703
2291
1954
92
1539
1785
1740
1324
463
1535
1981
72
1635
2244
841
2894
2132
2642
1238
80
1181
370
495
1955
1038
2038
220
1527
1848
2925
261
1550
2215
1156
584
2696
2942
1265
1019
2346
2800
1941
1359
376
126
2200
269
1199
782
1507
1279
1963
1877
1774
918
2915
2753
79
383
1600
3
644
150
1160
742
2676
2797
2625
940
815
1970
2681
1697
328
56
1823
2528
325
21
310
1832
241
2273
2650
956
2132
1506
709
2211
1889
2309
1156
1474
1400
2316
1157
1075
1053
781
2015
1868
2751
1696
2506
2020
693
270
489
1019
2233
2741
1792
2475
2013
383
430
86
1889
1139
2297
2719
2390
2394
133
789
1709
1291
1865
1703
2072
2821
2512
764
1516
2018
1725
1151
1229
2214
2170
461
1954
2903
1877
2909
285
1249
2995
1115
1329
1232
833
718
626
967
1508
1276
2258
372
2980
270
192
2491
1034
650
1508
1701
1801
2737
914
2912
2140
2869
1755
1016
2777
2041
2265
1712
155
2536
2944
2931
253
569
897
1761
1846
2096
1074
766
1307
208
256
1283
858
706
2984
1600
2384
897
1511
1523
2707
2207
1481
1424
1247
745
135
344
2222
79
2216
2476
2590
2054
1236
376
1149
1252
1142
1397
1460
1399
2680
2318
2105
2663
2859
1488
2502
310
1953
2208
2517
433
2574
2706
119
2709
49
2342
1729
2265
1817
260
259
1994
636
349
245
1779
1746
1705
2119
1426
2964
164
29
2822
593
2531
2073
2546
680
1590
1920
253
1295
2040
1903
285
1381
632
1491
2139
892
1750
1132
469
2099
319
1189
844
2024
2249
1211
929
2413
1241
2692
1948
2713
1765
434
2334
354
2355
2587
1649
1394
1490
1934
2775
1063
424
1913
896
1115
1986
1365
213
2305
1496
1057
270
744
1210
1199
2099
1392
890
1046
1104
2655
1480
438
1950
834
1966
2540
2228
2397
1473
943
459
838
1797
296
1953
783
603
1107
2029
2099
1106
2299
1784
2316
497
882
707
329
1928
752
1925
2350
131
2817
183
2098
2356
1353
435
2771
1237
2837
2550
1976
132
1503
1700
735
1551
728
1775
2657
27
559
913
2466
1441
1620
1736
2311
1314
2603
1660
1445
2419
784
2484
1774
1078
1861
1544
2316
1697
1094
1291
1829
1538
2991
1506
2030
718
280
1687
2687
839
2600
1094
2281
161
1771
532
416
1373
2192
802
791
1917
286
1507
2996
2147
50
2311
2785
85
2543
1613
564
2533
118
2595
2192
2341
222
820
179
2822
855
1401
1924
2626
1933
2340
999
65
142
731
1983
2370
2238
1978
457
1230
229
241
256
2772
795
821
1245
2856
2357
2378
2196
2579
2139
2375
1341
2994
2718
2207
1561
1650
487
1501
657
2571
2232
2640
1940
411
558
1338
1641
787
520
838
2500
257
1659
2686
112
2957
2063
2308
1476
143
623
2818
2078
340
965
638
932
1452
2139
1589
1023
312
169
1904
723
727
2184
1305
455
2704
2143
2955
2961
2744
2640
2014
2700
643
262
1176
2728
886
2935
1806
167
2841
1385
1099
1292
524
1629
1256
2778
1798
160
500
1466
2344
746
1921
988
2889
1875
2891
1573
455
1904
1273
1099
2167
1390
826
1994
265
1573
2161
105
2959
2202
338
2424
2772
1595
2201
1570
1755
1642
35
39
1329
898
2969
1217
2773
2859
1732
228
704
1946
268
1812
335
35
2747
2542
550
1907
2647
508
49
2985
1873
2822
520
1073
332
2275
1656
2309
1255
2985
206
1224
142
1921
23
1874
1090
2669
819
1358
421
95
334
167
2637
884
2075
1224
333
1065
150
2206
886
670
2220
159
1887
875
2469
2083
2801
2675
306
2944
536
2272
758
1626
881
519
2984
1303
614
2260
1470
2193
2085
2486
2358
2419
551
2508
1624
378
2120
844
538
1006
660
6
88
461
1622
2337
2346
2159
549
103
784
1430
622
2710
2733
178
910
144
2371
2995
2630
1728
2413
180
177
2979
559
2297
822
1097
2244
423
44
1273
884
607
2551
229
2766
99
2275
2492
471
1838
1142
2145
2016
2052
2289
327
987
1919
997
400
2099
1174
378
1599
2412
141
1637
1655
564
1681
1869
390
2289
1420
2561
995
460
776
2428
931
2615
569
76
571
1562
2365
899
2550
224
1896
1891
1265
2011
1210
2864
1422
292
1501
76
2798
2123
1945
187
352
2306
1690
1348
2767
2466
2717
697
2080
286
2715
2652
789
1021
2492
2280
1245
328
1170
2510
2339
1321
1315
760
1613
2816
2778
1411
879
663
539
1232
2970
2229
1521
1677
1695
1237
1315
2716
464
1030
2367
1254
2051
799
2475
2237
1127
2587
1747
465
907
2003
1225
2521
1818
2944
2873
1638
607
411
2870
2518
2641
331
1194
276
1569
2509
2992
2033
538
2359
2228
1530
2099
1703
2709
226
1289
396
691
2196
2399
858
657
157
801
2471
1795
1408
2883
606
2867
1464
937
1060
1740
2506
569
1731
480
48
30
2708
520
2130
1410
228
2356
1640
2566
1988
2778
1964
2846
434
2121
2589
1847
2857
996
1729
462
2805
2134
1400
864
873
2847
374
1545
326
2365
517
34
2885
1588
385
2054
2885
2026
1619
1872
744
2524
659
119
1644
247
1966
441
184
694
904
2989
2828
2304
853
2642
1091
1227
128
1418
591
645
393
2417
2233
778
411
2117
1745
971
2930
1430
494
588
1550
1079
835
515
1521
1020
151
2425
1008
1920
669
802
1562
1760
2030
1690
2119
1562
1276
2512
2921
508
2232
331
1566
2918
1303
1495
1348
738
2084
2898
1818
2919
2354
338
2880
2505
1704
888
1425
1314
631
1928
2015
1602
2559
1134
164
834
2587
2026
1342
759
2357
2908
2619
2601
343
966
339
2427
2805
1098
1287
1099
377
1166
604
2081
995
970
2336
1627
2898
1350
2170
2456
1425
1275
289
2954
300
572
712
1599
2421
330
140
2764
237
479
1132
1983
1577
2419
82
895
2526
2628
2976
2463
597
1252
30
2436
2603
2200
1891
2969
475
1121
2922
775
634
2576
1315
54
1847
1456
1759
2085
876
2891
1067
1395
1250
90
2290
776
2718
1207
238
314
2459
2210
1691
1002
1409
2523
971
1884
643
2834
1601
218
2409
1857
272
1256
312
973
2282
1189
863
348
2584
2114
2381
1873
2890
2098
79
2069
1354
2539
219
44
2482
1628
2568
452
2454
2152
2228
2996
2371
1636
1852
1584
1833
2165
2557
55
2295
2362
2346
1878
1475
1726
2692
305
823
2772
1315
2177
1251
1534
1163
732
2103
2672
126
1556
1823
2354
492
134
2931
2345
660
705
450
2158
760
2745
1519
105
563
2994
1831
254
2240
2655
25
554
772
217
1029
876
2892
132
547
17
629
1312
2371
1122
1446
1242
2408
1047
1947
2858
205
2708
1543
1724
2813
2106
659
585
2360
2899
2181
1327
2395
1894
485
423
2771
376
2497
317
393
126
1629
1705
189
2017
1889
2597
63
835
1395
268
2484
2938
934
1238
2043
1593
1823
343
1491
1003
1670
2827
1838
2156
2192
1608
1473
1688
867
1867
755
1437
2513
944
453
1401
540
2459
1178
876
1668
661
813
2602
840
2856
1194
2663
2141
1627
2607
810
1453
1445
1907
644
1994
380
1274
2861
1188
2029
1298
2642
1915
692
2985
1396
2092
1162
2273
760
764
85
2303
1605
1883
497
208
1023
1065
2816
774
2518
201
1623
2104
2195
2003
2319
997
2132
1347
1236
714
2203
869
698
599
2962
801
2872
2663
1566
1898
1965
2112
780
2462
2320
1803
2468
1076
1519
1986
1277
141
30
2414
1085
2349
2352
2158
2637
587
2872
1840
1456
2512
2439
1417
312
1251
1079
819
148
1986
2931
929
388
2251
1673
2857
326
2133
783
545
2274
813
2959
358
2103
2310
2516
680
1838
1329
2520
293
840
899
652
1152
1091
672
1972
1240
2658
1902
1110
46
93
1724
2903
420
857
685
2907
130
439
2865
2431
1483
1115
887
2163
2953
2216
624
2187
1997
1523
2839
149
2615
2453
1062
2796
2110
1905
905
1097
1999
2629
2941
1360
485
2567
1266
2558
5
71
1988
1488
127
1816
2593
2021
1032
216
1207
28
680
2988
2119
294
1381
2122
2031
2432
1027
2936
529
1967
1506
2411
2268
932
1978
2475
489
924
2546
1418
2413
1614
234
2005
634
207
1162
782
2177
1842
2711
237
1078
1091
2359
108
523
2327
1986
2994
234
491
2404
2502
1423
1381
917
854
2306
2404
2272
659
1017
1447
1605
592
595
2767
316
2773
1608
26
1951
2686
59
250
1736
2524
1519
721
1458
1753
153
861
196
1576
1184
1113
1371
2431
517
2585
2031
475
2973
635
1068
568
2343
325
2282
2892
351
1232
1519
2352
423
254
816
1942
2917
2274
695
69
135
2833
586
260
945
1958
2691
403
483
662
879
455
238
888
1023
2581
1213
2246
1413
505
2419
1873
1799
2843
1068
2615
1784
984
1889
1420
2995
965
1252
581
1225
1139
1480
2857
483
1963
518
303
1359
756
132
1324
2278
1345
569
2632
792
2989
1505
2591
2831
2573
2205
555
557
34
1976
551
999
2169
73
2224
2249
1553
2080
2733
2457
2598
1977
816
2295
2110
2140
513
2396
1650
145
187
1638
1650
2778
409
1222
924
2907
720
958
823
213
1958
2992
2228
122
1182
781
2203
2856
2179
741
1832
1936
1978
2883
16
2491
2279
1667
2636
2466
2246
226
1185
2656
1449
1050
2562
1110
2008
2326
264
2907
2317
2493
29
2440
2215
1173
2295
1393
1914
68
2271
2833
2951
2287
2324
2229
953
1959
636
199
1127
1821
1796
1517
2871
298
2627
819
2624
1833
2668
881
1325
1638
321
2481
2811
1557
873
665
1625
2085
498
1576
1372
2822
2746
1266
721
381
1465
1848
1143
2202
364
2955
2500
1933
2716
2123
765
2383
1946
1031
1020
2267
511
830
2765
325
1495
1390
2411
934
1907
782
755
1652
2048
418
975
2455
1207
2118
1656
1572
2073
97
2446
1788
1161
2152
111
106
182
1131
1314
693
902
1079
2960
1338
1410
2370
2273
316
2093
1969
909
82
1328
825
1478
2536
2944
2075
48
957
2172
2494
1686
2275
1645
738
1322
768
810
2637
402
1712
2657
361
1991
1066
1673
204
323
2707
1115
1232
1730
2443
2058
2149
919
942
165
967
840
1278
2402
2526
552
2988
263
1875
2697
14
1511
98
1726
108
2402
2658
1174
15
2863
1497
1663
2919
1670
2335
2361
727
1483
2222
610
1648
188
1450
2927
1532
2917
2420
1519
2121
1294
1216
2135
1746
255
860
1854
1598
2460
1969
1613
1263
465
276
1181
2136
2611
541
1804
34
1704
2415
624
1893
2806
550
2366
2723
1911
884
1843
205
1041
978
892
238
779
1688
1836
238
656
449
1501
63
2667
2682
2199
1218
2165
2944
1252
868
1299
1876
1702
1105
1367
1067
827
278
893
2670
2425
875
647
316
1113
1427
2004
1891
606
1602
1281
2108
1665
947
1789
2805
2165
2895
2748
2358
763
2989
175
2465
1093
1542
2474
861
761
366
530
2127
1241
119
2444
1296
487
388
186
1093
1990
1467
2142
2596
2414
2873
2400
519
2767
1089
1818
529
1077
1993
1936
1111
2477
1409
1972
237
1775
1443
2365
1957
503
749
252
990
78
438
1025
1010
1905
166
605
259
38
1947
2720
1747
35
1538
1217
53
2472
152
1164
1948
502
135
1127
1218
1578
2433
175
1023
2123
427
2013
2201
2808
1979
2152
653
1087
1699
913
66
645
2574
1813
2622
1111
30
2675
2525
2124
838
1472
2627
2915
1540
844
433
972
2961
1456
2036
2330
2411
1237
2137
1389
2330
2790
1417
1028
2644
1484
1673
2218
2238
1294
2270
2268
2910
1794
333
747
2208
2960
661
747
2745
1095
661
2706
2551
2697
976
1961
2875
112
2292
2205
1843
708
232
1487
1133
847
704
371
1082
1915
1580
992
709
1913
680
2917
813
283
2605
558
319
265
2205
2870
2963
180
772
2837
2234
2005
2041
1076
1654
1215
2563
2788
1003
2208
2100
2085
1123
679
2018
773
1534
1640
2631
2347
1923
2235
1846
2242
2501
1050
1052
1404
171
765
1240
2405
1711
2223
2423
365
2379
1985
152
381
134
1193
1407
1257
1872
2367
2030
405
1006
1660
1694
1870
2836
539
1111
1277
531
1104
2681
702
1870
2863
2049
580
1026
412
945
404
2397
38
2727
2531
1231
1133
2729
2045
499
699
1391
446
1300
84
2316
1136
2566
426
2413
96
472
1035
2740
2342
897
729
1863
864
1141
1750
1268
2480
1788
994
951
1961
1068
680
2947
509
1379
278
955
1621
2305
2213
2757
1870
1580
1110
907
2052
1086
646
1393
924
317
2198
1788
1458
947
1997
937
1676
2991
1889
2578
0
1510
2524
509
1830
1744
405
450
1048
2618
2148
1859
1198
258
2766
249
285
2353
584
1210
2670
2782
2998
1128
728
1995
1006
1345
926
1836
923
926
345
2388
376
2176
1131
782
1567
1120
399
715
2979
1597
2915
2744
788
199
2097
1372
1409
707
94
348
776
822
1284
1783
2167
1151
2560
2031
1019
2906
1419
1395
1022
1491
1118
2589
2612
1518
2245
2590
2056
2159
1275
2844
2359
2313
156
2709
19
250
56
796
13
281
1520
1122
1433
1079
152
2452
2926
512
2788
2889
2004
906
1419
1615
1365
663
145
420
2823
1420
2206
2181
2674
1303
1889
2694
1554
887
2431
508
1168
950
1630
2601
2029
724
993
1955
1236
781
1843
239
628
2203
795
1993
2867
941
1354
2689
1302
2501
810
976
804
1640
2611
1299
1468
2041
1807
2637
2991
2379
1178
960
102
1113
2915
279
835
699
519
1463
2902
1314
455
1709
1196
750
338
2499
251
89
2416
1055
671
967
1295
2139
7
2043
716
1939
1421
836
2899
464
1949
1755
2686
2784
2454
204
1246
1296
459
642
1947
1656
1392
2285
95
584
2375
1452
1639
45
2419
1875
1125
1367
918
1842
305
1280
2678
203
686
567
1958
371
350
352
2517
537
590
2976
120
2537
572
453
1821
2609
1038
136
1
1618
2123
2420
493
248
2728
352
1031
32
1632
2650
236
1259
216
1135
571
2508
1488
87
1986
2078
2005
2106
1614
2577
2559
2376
1127
2538
1454
1128
1156
576
2490
1649
2766
1158
942
2738
1191
1515
2387
368
2775
1544
1503
345
2993
2991
2375
1978
1009
1379
24
1564
2897
1525
940
1023
1062
1335
1093
2218
1911
2524
2808
618
2623
749
355
813
2265
1684
1181
980
2169
1626
266
2162
1616
2641
80
1567
1019
2047
130
916
571
11
880
574
1346
914
2793
2199
2379
1541
1758
2002
2291
2113
1756
496
2738
1879
1476
1907
504
1742
9
1061
324
2031
2628
1343
1077
2759
1200
589
2770
1022
1164
57
877
2898
2256
2198
1438
1013
140
2670
2067
1896
2107
746
774
582
1594
219
1266
544
1281
1590
2575
908
1874
2594
2608
2016
2124
1319
37
287
1376
2856
2126
2573
2053
2506
2527
2193
2175
534
30
223
1280
2746
2747
1815
2966
1012
2359
1246
1543
875
1095
2359
468
2645
1374
2592
963
352
1821
1280
207
2888
2794
1202
2393
1261
394
509
1795
2366
732
2017
2112
478
2773
2077
432
2132
2264
916
6
2300
2216
2416
1944
2531
948
1848
2883
1710
127
2032
1598
1862
233
990
122
2569
440
859
1935
1172
2876
2988
592
1589
2064
1024
720
268
881
2668
1509
97
1024
453
2628
1973
2301
1452
2624
1370
483
1221
231
2658
1153
2296
1167
1593
154
101
2766
1971
88
357
559
1093
322
221
302
1203
1830
1812
241
2855
1206
1811
768
506
262
391
817
2687
554
2991
2344
1707
2286
510
299
2440
2554
2006
351
1583
2363
2852
1618
1626
72
1920
1771
1903
2673
2012
698
878
822
1466
1385
25
798
1143
2712
1352
1133
2055
58
418
1507
358
1799
1060
2364
1091
2643
668
943
1260
1235
1015
2122
5
1859
1794
959
2557
2673
722
2964
2999
748
762
1141
2401
2114
2275
1456
1114
1634
1904
413
433
2964
1718
1524
1547
2386
1408
1749
2563
2424
870
2568
223
1605
2468
2781
1277
190
1685
216
2880
2447
1358
2280
502
2574
2677
1616
1207
1580
2029
581
484
2688
1047
2032
2074
2455
2722
1636
819
2533
144
1043
1137
1554
823
1356
1744
2508
1572
564
896
1871
1785
1398
1444
1462
1955
1593
1983
2925
2174
2468
2612
220
440
626
1617
161
1203
2436
1635
289
478
2772
1843
242
68
2528
2751
582
91
2588
2453
817
2927
2839
2279
822
1431
203
746
604
2671
2299
2767
2052
1867
1383
1154
69
818
2789
2300
1297
1501
1142
1539
511
2611
230
1093
1643
1759
545
2461
