1780
2769
2698
735
656
1601
1924
1158
1031
566
2367
1522
2587
905
493
588
2651
2609
1305
2421
2775
1889
54
2565
682
870
1951
2657
720
1324
852
1441
34
2491
2176
690
1091
1100
789
1064
607
2098
2586
2136
1944
2021
2724
1595
1629
2970
2957
344
800
1953
2909
1482
2823
800
79
2485
2125
932
925
2159
422
101
1790
455
142
2580
1519
749
618
45
2885
2562
2066
1549
97
2636
1519
1996
2980
2319
948
1830
2742
770
2630
2822
2196
695
2695
121
1795
2058
2164
585
2513
2306
2106
1031
1996
2724
18
822
2285
2084
2371
1324
1720
2831
319
640
1090
1267
1411
832
978
2983
2595
174
2619
2289
2237
1414
1346
1400
940
2801
2647
45
2773
583
1710
2791
1405
2936
1875
2718
1259
2536
1489
1578
2117
2580
2845
2470
2353
823
2452
888
2939
2070
176
2175
483
463
2516
364
2205
2162
409
1978
1686
1060
1768
2033
996
2584
1750
2255
2119
2180
2775
177
700
1560
2647
1994
1324
1039
2882
1262
108
1999
436
2534
2463
2952
2898
608
1054
2249
2586
1682
308
1354
714
245
2879
1405
1442
939
584
1216
1116
1285
2776
2704
278
41
742
2102
1303
850
1100
681
2325
2504
632
1164
112
628
412
2698
2310
2662
2993
23
2908
2872
1428
1349
810
953
1506
867
1179
1281
570
399
263
1312
2501
1567
1103
600
2248
428
2046
1821
1592
2158
1390
945
796
699
606
789
2664
513
2602
32
1862
2353
2928
367
219
1106
590
789
1505
853
1042
1005
1361
2145
547
2550
1514
2593
1371
2047
1750
2761
2992
2546
2402
598
2276
1006
1111
1877
2981
1915
1229
2908
1223
389
1013
754
119
1460
549
1161
1406
851
2248
1953
401
761
1545
1772
1750
2236
473
1741
723
1816
2339
1940
1764
2392
817
685
247
987
592
411
318
546
1166
437
2006
656
540
412
1507
2788
1306
1908
2490
1793
2621
180
1028
2036
1922
692
2793
201
2633
1556
2593
2391
2241
1781
2319
1774
2193
2637
2321
2300
74
267
2956
2556
2621
1462
1284
927
2312
2715
2720
1932
2896
2689
2909
1817
2323
2702
2018
1955
198
552
286
1381
2333
2605
2096
1525
2242
1416
824
1257
625
2721
812
245
124
2096
1172
2436
1810
2833
308
1705
2522
217
2463
1844
1860
1481
2740
2058
2033
25
2380
1365
1571
1476
1832
812
1833
1597
1010
2458
1318
763
1645
1442
2859
1758
2819
610
1591
126
1256
53
2285
719
838
1144
1141
577
202
173
2544
1523
479
1114
2999
1252
868
773
1791
1878
2172
2050
1583
816
2433
1441
1516
2251
992
106
2377
2249
2101
1662
1909
2939
1747
1991
515
890
2164
2000
2414
1584
113
1353
1778
2923
2126
568
742
239
2618
2325
2997
2050
2707
1512
241
699
559
1559
1889
2660
2162
2739
2598
909
1729
112
1799
2834
2112
1212
358
1167
1507
2136
1089
2574
1645
1831
2813
203
96
2810
2253
2804
1321
1435
502
822
2995
1332
481
2156
1070
79
64
2799
2133
805
2632
186
958
2990
1353
2465
1067
1383
2039
2712
2156
792
1857
2252
2543
1109
2055
2806
1486
1498
627
1480
1771
1108
2577
2841
1187
2642
1580
2262
2388
152
2448
345
142
800
1752
150
1124
2732
1803
279
523
659
1473
66
710
527
2872
2196
967
2440
2617
2738
547
2193
1520
676
775
99
2938
162
252
2385
2450
2336
2126
1201
1427
249
932
229
2471
396
2831
943
2404
540
411
1216
1677
1378
655
1293
57
1203
485
1577
1879
1261
617
757
364
869
141
2814
2146
2267
1014
572
1457
887
2744
927
1284
2574
811
2629
113
1223
845
731
1542
1500
2024
540
2703
2509
1058
522
2711
1676
1279
75
1486
361
2889
632
1569
2845
145
1968
731
2889
2895
956
2462
2648
585
1516
870
371
2247
1353
1871
211
1894
515
1662
2952
2979
1372
1627
199
1447
2055
560
277
1628
1071
121
1773
38
2794
603
1874
2692
2006
1521
2218
522
1332
2589
1710
2686
1459
1922
1579
915
2525
1530
894
896
2099
34
1285
1153
594
503
2781
1665
624
494
644
2359
1097
2519
2050
103
1039
208
2567
2372
2797
1276
998
197
2139
2577
1112
604
47
947
1501
2146
981
1727
2240
517
2230
2020
1123
1795
2515
1768
1153
611
1286
2145
2656
1266
2353
2222
2579
1091
2440
576
1288
519
2094
1341
1124
2142
1230
2625
1287
2211
1351
527
1669
2522
1488
2793
1316
2944
501
2469
2497
728
554
2152
935
1849
1374
514
2940
813
31
168
273
2126
1509
1397
1267
2739
2963
1495
891
254
963
2560
2776
2452
1293
1091
1336
1794
2502
832
2522
55
2985
457
845
299
2913
784
53
2944
952
326
1010
1403
1724
2277
1141
627
772
973
882
676
533
657
127
767
1749
1464
2562
1250
1237
1024
246
1221
422
1092
461
2276
817
514
1161
711
841
2171
2114
1506
1448
2196
2133
1161
169
14
1837
702
2614
906
410
1362
1311
2972
1553
1489
2938
1799
2711
2301
1832
2113
1577
2650
2628
1679
360
2410
849
1415
2857
1238
610
930
2399
779
2887
177
422
2500
24
833
2803
276
2746
1355
1765
2683
2095
416
925
927
2530
1443
2518
2157
121
2878
507
970
1292
363
2209
1902
234
548
1623
120
2667
2045
2620
1632
2878
2422
1908
2624
2718
673
1247
1813
1089
1113
2740
2560
2556
2257
657
2677
1075
1164
647
1308
468
1797
2151
703
1286
773
2765
953
1760
2385
2585
1637
747
434
201
465
1107
390
1219
1137
1503
2900
697
1059
1097
295
2677
2172
1460
2265
