175
2465
1093
1542
2474
861
761
366
530
2127
1241
119
2444
1296
487
388
186
1093
1990
1467
2142
2596
2414
2873
2400
519
2767
1089
1818
529
1077
1993
1936
1111
2477
1409
1972
237
1775
1443
2365
1957
503
749
252
990
78
438
1025
1010
1905
166
605
259
38
1947
2720
1747
35
1538
1217
53
2472
152
1164
1948
502
135
1127
1218
1578
2433
175
1023
2123
427
2013
2201
2808
1979
2152
653
1087
1699
913
66
645
2574
1813
2622
1111
30
2675
2525
2124
838
1472
2627
2915
1540
844
433
972
2961
1456
2036
2330
2411
1237
2137
1389
2330
2790
1417
1028
2644
1484
1673
2218
2238
1294
2270
2268
2910
1794
333
747
2208
2960
661
747
2745
1095
661
2706
2551
2697
976
1961
2875
112
2292
2205
1843
708
232
1487
1133
847
704
371
1082
1915
1580
992
709
1913
680
2917
813
283
2605
558
319
265
2205
2870
2963
180
772
2837
2234
2005
2041
1076
1654
1215
2563
2788
1003
2208
2100
2085
1123
679
2018
773
1534
1640
2631
2347
1923
2235
1846
2242
2501
1050
1052
1404
171
765
1240
2405
1711
2223
2423
365
2379
1985
152
381
134
1193
1407
1257
1872
2367
2030
405
1006
1660
1694
1870
2836
539
1111
1277
531
1104
2681
702
1870
2863
2049
580
1026
412
945
404
2397
38
2727
2531
1231
1133
2729
2045
499
699
1391
446
1300
84
2316
1136
2566
426
2413
96
472
1035
2740
2342
897
729
1863
864
1141
1750
1268
2480
1788
994
951
1961
1068
680
2947
509
1379
278
955
1621
2305
2213
2757
1870
1580
1110
907
2052
1086
646
1393
924
317
2198
1788
1458
947
1997
937
1676
2991
1889
2578
0
1510
2524
509
1830
1744
405
450
1048
2618
2148
1859
1198
258
2766
249
285
2353
584
1210
2670
2782
2998
1128
728
1995
1006
1345
926
1836
923
926
345
2388
376
2176
1131
782
1567
1120
399
715
2979
1597
2915
2744
788
199
2097
1372
1409
707
94
348
776
822
1284
1783
2167
1151
2560
2031
1019
2906
1419
1395
1022
1491
1118
2589
2612
1518
2245
2590
2056
2159
1275
2844
2359
2313
156
2709
19
250
56
796
13
281
1520
1122
1433
1079
152
2452
2926
512
2788
2889
2004
906
1419
1615
1365
663
145
420
2823
1420
2206
2181
2674
1303
1889
2694
1554
887
2431
508
1168
950
1630
2601
2029
724
993
1955
1236
781
1843
239
628
2203
795
1993
2867
941
1354
2689
1302
2501
810
976
804
1640
2611
1299
1468
2041
1807
2637
2991
2379
1178
960
102
1113
2915
279
835
699
519
1463
2902
1314
455
1709
1196
750
338
2499
251
89
2416
1055
671
967
1295
2139
7
2043
716
1939
1421
836
2899
464
1949
1755
2686
2784
2454
204
1246
1296
459
642
1947
1656
1392
2285
95
584
2375
1452
1639
45
2419
1875
1125
1367
918
1842
305
1280
2678
203
686
567
1958
371
350
352
2517
537
590
2976
120
2537
572
453
1821
2609
1038
136
1
1618
2123
2420
493
248
2728
352
1031
32
1632
2650
236
1259
216
1135
571
2508
1488
87
1986
2078
2005
2106
1614
2577
2559
2376
1127
2538
1454
1128
1156
576
2490
1649
2766
1158
942
2738
1191
1515
2387
368
2775
1544
1503
345
2993
2991
2375
1978
1009
1379
24
1564
2897
1525
940
1023
1062
1335
1093
2218
1911
2524
2808
618
2623
749
355
813
2265
1684
1181
980
2169
1626
266
2162
1616
2641
80
1567
1019
2047
130
916
571
11
880
574
1346
914
2793
2199
2379
1541
1758
2002
2291
2113
1756
496
2738
1879
1476
1907
504
1742
9
1061
324
2031
2628
1343
1077
2759
1200
589
2770
1022
1164
57
877
2898
2256
2198
1438
1013
140
2670
2067
1896
2107
746
774
582
1594
219
1266
544
1281
1590
2575
908
1874
2594
2608
2016
2124
1319
37
287
1376
2856
2126
2573
2053
2506
2527
2193
2175
534
30
223
1280
2746
2747
1815
2966
1012
2359
1246
1543
875
1095
2359
468
2645
1374
2592
963
352
1821
1280
207
2888
2794
1202
2393
1261
394
509
1795
2366
732
2017
2112
478
2773
2077
432
2132
2264
916
6
2300
2216
2416
1944
2531
948
1848
2883
1710
127
2032
1598
1862
233
990
122
2569
440
859
1935
1172
2876
2988
592
1589
2064
1024
720
268
881
2668
1509
97
1024
453
2628
1973
2301
1452
2624
1370
483
1221
231
2658
1153
2296
1167
1593
154
101
2766
1971
88
357
559
1093
322
221
302
1203
1830
1812
241
2855
1206
1811
768
506
262
391
817
2687
554
2991
2344
1707
2286
510
299
2440
2554
2006
351
1583
2363
2852
1618
1626
72
1920
1771
1903
2673
2012
698
878
822
1466
1385
25
798
1143
2712
1352
1133
2055
58
418
1507
358
1799
1060
2364
1091
2643
668
943
1260
1235
1015
2122
5
1859
1794
959
2557
2673
722
2964
2999
748
762
1141
2401
2114
2275
1456
1114
1634
1904
413
433
2964
1718
1524
1547
2386
1408
1749
2563
2424
870
2568
223
1605
2468
2781
1277
190
1685
216
2880
2447
1358
2280
502
2574
2677
1616
1207
1580
2029
581
484
2688
1047
2032
2074
2455
2722
1636
819
2533
144
1043
1137
1554
823
1356
1744
2508
1572
564
896
1871
1785
1398
1444
1462
1955
1593
1983
2925
2174
2468
2612
220
440
626
1617
161
1203
2436
1635
289
478
2772
1843
242
68
2528
2751
582
91
2588
2453
817
2927
2839
2279
822
1431
203
746
604
2671
2299
2767
2052
1867
1383
1154
69
818
2789
2300
1297
1501
1142
