2421
869
1061
1571
513
1289
1286
278
2242
45
1604
767
623
2351
142
825
1757
1249
1215
1917
1328
1659
1816
966
2718
2913
1261
2395
2084
1662
1659
445
2532
1662
2017
1986
2951
2244
2264
1133
2289
867
841
2912
2160
984
2678
2858
1174
2834
1775
1443
1493
590
2409
151
503
2612
1487
1528
1273
2088
915
2746
749
1873
1732
2641
1116
995
2715
2346
804
2497
2257
2964
480
876
1762
596
709
536
2039
2202
68
389
1295
2513
0
2782
2982
1273
1869
896
1019
1559
2769
2751
1199
884
2687
2855
229
490
2352
1428
2395
1773
2304
1157
2369
1954
634
1408
97
702
1797
1392
2156
738
1173
2138
2011
42
1975
1971
1601
1744
662
1742
1569
349
537
740
2781
2889
1109
2176
1662
2354
2274
1030
1307
2908
1379
1404
2552
2117
2796
1707
2855
2911
2786
1866
1894
1761
2778
2436
2446
440
118
1014
2731
656
695
2511
544
1804
627
2206
1157
2901
2178
1406
2809
2498
1751
1301
1615
488
1949
1469
398
1735
2276
2292
2437
995
668
823
1435
787
1837
1165
1443
1474
675
1987
2219
1303
134
2318
144
1253
723
1894
750
1415
194
2365
1903
1085
2776
1242
1761
992
533
1197
1987
143
2020
2363
930
2798
2469
2373
212
2086
300
2432
2330
2376
1749
2474
628
1413
1368
1379
2828
503
2685
1731
1588
1401
2973
348
2394
2448
486
321
2591
1447
1626
2462
186
1094
1834
398
179
1075
1771
2509
451
519
1983
1079
873
2292
2458
701
1736
1084
2432
324
2485
1345
2614
1878
2734
2042
1141
2324
2430
2767
1785
2616
2802
2560
1956
2982
635
726
1431
27
187
2355
1106
1060
1646
2506
1761
2324
589
133
1589
73
420
1202
893
153
2185
975
2478
1615
2683
203
171
2484
1705
1068
2465
1281
736
2838
1308
923
2192
2414
924
2780
860
1627
2103
1449
1760
691
464
1121
834
298
1275
19
214
2694
575
2897
2897
2688
2380
542
756
786
1823
1492
623
130
1356
2815
1486
2280
2594
2346
906
1696
2737
1608
1328
2142
2729
2163
1381
1003
2182
1595
696
1698
1491
2535
1385
870
76
1082
597
1900
2574
1220
2030
929
2977
2457
209
2570
1803
56
207
480
1664
1535
2622
1393
2639
1002
1337
1820
2597
2034
2459
28
1568
2786
898
585
867
437
2485
441
1657
456
311
1633
1854
520
144
656
2519
2293
77
1182
2769
2699
1516
2408
2642
2854
168
1179
828
1569
1207
1337
1354
1047
1922
2221
1484
348
2662
2082
2746
2974
2657
1599
2435
2801
1197
1953
1034
1274
2077
2744
2915
2534
1092
2556
2387
202
2677
2156
1771
883
492
124
871
1356
2345
2355
1704
948
1437
390
2863
1093
1989
1238
2835
185
2133
2810
401
1209
2553
315
742
2587
1812
2071
2789
1488
1226
1559
1313
660
1683
2184
957
2969
480
2661
2858
858
1992
2720
1951
980
958
726
107
90
2477
508
240
970
2765
982
556
517
1994
344
947
2162
844
2260
2822
1468
384
778
1437
2806
2380
1294
663
312
2956
1555
233
913
1222
340
2945
698
2790
184
1669
1495
107
2225
2013
1043
1511
2960
204
2355
1160
1967
823
485
1686
1201
291
6
1436
2896
318
1391
392
551
2304
1614
2834
1189
2313
1564
1373
981
59
422
2147
2072
1465
657
972
610
12
1073
2577
2777
1558
1262
977
790
209
2413
2628
527
804
19
19
2049
1633
2853
238
2887
1417
552
2809
417
2916
1956
2489
1380
2613
2402
1990
2625
474
507
1342
973
710
2319
705
919
1732
332
387
1477
2293
407
525
2867
2201
2705
2754
617
257
2562
1034
172
1517
2464
494
71
806
1425
1637
221
1933
2980
1195
1584
2298
1900
2504
2971
1173
2891
1447
465
2239
914
331
1440
618
2026
998
2817
1588
974
1931
2046
2379
2425
2117
185
2791
754
406
1723
2675
1601
307
1972
2442
1752
1943
2556
583
2331
20
2823
244
2294
203
2805
1319
142
2621
1848
1116
1551
2836
495
2917
893
2622
2708
1647
27
371
1321
570
2620
2235
1953
1371
118
1509
1955
2449
470
718
1635
2764
2863
1439
24
4
0
813
62
493
648
2499
409
1542
2120
2058
2130
1088
2430
2393
1658
2049
568
2553
420
686
1061
1316
2076
472
975
2652
236
837
31
2202
2783
32
14
1786
525
2605
1284
2876
87
2345
1934
1158
433
304
2492
1032
2353
59
2526
1714
2687
586
1971
1763
0
2946
355
236
2724
387
1379
1448
419
334
233
2886
2939
459
1702
1967
2804
2577
125
2178
2881
2617
210
2234
1618
2736
2889
1304
2264
1860
66
2264
1805
2364
1441
470
2751
1761
1918
2111
2095
2151
937
975
1551
2639
1883
1355
2216
2008
532
2096
566
2684
270
2184
1361
159
487
2566
2019
2496
770
2765
1859
2211
234
1609
2913
1093
2661
2007
2186
597
1923
736
235
806
1032
1392
2814
1565
488
2321
189
2700
1504
491
2859
933
56
818
428
826
583
2287
1978
2759
2837
1890
852
2497
897
37
2035
1761
773
2270
2567
1806
2604
1322
2312
91
642
1442
2791
1088
1934
1591
2021
1990
2409
1390
1758
1933
2618
735
1692
1395
2626
1485
2833
2464
463
1867
1224
1236
77
2733
1983
2681
1054
235
2772
637
619
1504
666
2553
2036
1628
483
1444
17
2241
2319
1576
1918
2952
2971
1543
1436
2803
2948
1899
1669
112
2076
1747
2845
0
1427
2840
2177
140
2419
2796
585
2026
1289
2621
654
1773
5
2613
2955
2324
1189
813
2275
1159
1297
2652
2904
1244
491
1572
298
1509
2260
142
1509
687
1924
685
